1 0.95 0.85 0.75 0.6 0.8 0.75 0.65 0.55 0.4 0.95 0.9 0.8 0.7 0.55 0.7 0.65 0.55 0.45 0.3
0.95 1 0.95 0.8 0.7 0.75 0.8 0.75 0.6 0.5 0.9 0.95 0.9 0.75 0.65 0.65 0.7 0.65 0.5 0.4
0.85 0.95 1 0.95 0.85 0.65 0.75 0.8 0.75 0.65 0.8 0.9 0.95 0.9 0.8 0.55 0.65 0.7 0.65 0.55
0.8 0.85 0.95 1 0.95 0.6 0.65 0.75 0.8 0.75 0.75 0.8 0.9 0.95 0.9 0.5 0.55 0.65 0.7 0.65
0.65 0.7 0.85 0.95 1 0.45 0.5 0.65 0.75 0.8 0.6 0.65 0.8 0.9 0.95 0.35 0.4 0.55 0.65 0.7
0.8 0.75 0.65 0.55 0.4 1 0.95 0.85 0.75 0.6 0.79 0.74 0.64 0.54 0.39 0.85 0.8 0.7 0.6 0.45
0.75 0.8 0.75 0.6 0.5 0.95 1 0.95 0.8 0.7 0.74 0.79 0.74 0.59 0.49 0.8 0.85 0.8 0.65 0.55
0.65 0.75 0.8 0.75 0.65 0.85 0.95 1 0.95 0.85 0.64 0.74 0.79 0.74 0.64 0.7 0.8 0.85 0.8 0.7
0.6 0.65 0.75 0.8 0.75 0.8 0.85 0.95 1 0.95 0.59 0.64 0.74 0.79 0.74 0.65 0.7 0.8 0.85 0.8
0.45 0.5 0.65 0.75 0.8 0.65 0.7 0.85 0.95 1 0.44 0.49 0.64 0.74 0.79 0.5 0.55 0.7 0.8 0.85
0.9 0.85 0.75 0.65 0.5 0.79 0.74 0.64 0.54 0.39 1 0.95 0.85 0.75 0.6 0.65 0.6 0.5 0.4 0.25
0.85 0.9 0.85 0.7 0.6 0.74 0.79 0.74 0.59 0.49 0.95 1 0.95 0.8 0.7 0.6 0.65 0.6 0.45 0.35
0.75 0.85 0.9 0.85 0.75 0.64 0.74 0.79 0.74 0.64 0.85 0.95 1 0.95 0.85 0.5 0.6 0.65 0.6 0.5
0.7 0.75 0.85 0.9 0.85 0.59 0.64 0.74 0.79 0.74 0.8 0.85 0.95 1 0.95 0.45 0.5 0.6 0.65 0.6
0.55 0.6 0.75 0.85 0.9 0.44 0.49 0.64 0.74 0.79 0.65 0.7 0.85 0.95 1 0.3 0.35 0.5 0.6 0.65
0.7 0.65 0.55 0.45 0.3 0.85 0.8 0.7 0.6 0.45 0.7 0.65 0.55 0.45 0.3 1 0.95 0.85 0.75 0.6
0.65 0.7 0.65 0.5 0.4 0.8 0.85 0.8 0.65 0.55 0.65 0.7 0.65 0.5 0.4 0.95 1 0.95 0.8 0.7
0.55 0.65 0.7 0.65 0.55 0.7 0.8 0.85 0.8 0.7 0.55 0.65 0.7 0.65 0.55 0.85 0.95 1 0.95 0.85
0.5 0.55 0.65 0.7 0.65 0.65 0.7 0.8 0.85 0.8 0.5 0.55 0.65 0.7 0.65 0.8 0.85 0.95 1 0.95
0.35 0.4 0.55 0.65 0.7 0.5 0.55 0.7 0.8 0.85 0.35 0.4 0.55 0.65 0.7 0.65 0.7 0.85 0.95 1
