21 81 0.008 1 1
22 81 0.008 1 1
23 81 0.008 1 1
24 81 0.008 1 1
25 81 0.008 1 1
26 81 0.008 1 1
27 81 0.008 1 1
28 81 0.008 1 1
29 81 0.008 1 1
30 81 0.008 1 1
31 81 0.008 1 1
32 81 0.008 1 1
33 81 0.008 1 1
34 81 0.008 1 1
35 81 0.008 1 1
36 81 0.008 1 1
37 81 0.008 1 1
38 81 0.008 1 1
39 81 0.008 1 1
40 81 0.008 1 1
61 81 0.008 1 1
62 81 0.008 1 1
63 81 0.008 1 1
64 81 0.008 1 1
65 81 0.008 1 1
66 81 0.008 1 1
67 81 0.008 1 1
68 81 0.008 1 1
69 81 0.008 1 1
70 81 0.008 1 1
71 81 0.008 1 1
72 81 0.008 1 1
73 81 0.008 1 1
74 81 0.008 1 1
75 81 0.008 1 1
76 81 0.008 1 1
77 81 0.008 1 1
78 81 0.008 1 1
79 81 0.008 1 1
80 81 0.008 1 1
