21 81 0.008 1 1
22 81 0.008 1 1
23 81 0.008 1 1
24 81 0.008 1 1
25 81 0.008 1 1
26 81 0.008 1 1
27 81 0.008 1 1
28 81 0.008 1 1
29 81 0.008 1 1
30 81 0.008 1 1
31 81 0.008 1 1
32 81 0.008 1 1
33 81 0.008 1 1
34 81 0.008 1 1
35 81 0.008 1 1
36 81 0.008 1 1
37 81 0.008 1 1
38 81 0.008 1 1
39 81 0.008 1 1
40 81 0.008 1 1
41 81 0.008 1 1
42 81 0.008 1 1
43 81 0.008 1 1
44 81 0.008 1 1
45 81 0.008 1 1
46 81 0.008 1 1
47 81 0.008 1 1
48 81 0.008 1 1
49 81 0.008 1 1
50 81 0.008 1 1
51 81 0.008 1 1
52 81 0.008 1 1
53 81 0.008 1 1
54 81 0.008 1 1
55 81 0.008 1 1
56 81 0.008 1 1
57 81 0.008 1 1
58 81 0.008 1 1
59 81 0.008 1 1
60 81 0.008 1 1
1 82 0.00117647058823529 1 1
2 82 0.00117647058823529 1 1
3 82 0.00117647058823529 1 1
4 82 0.00117647058823529 1 1
5 82 0.00117647058823529 1 1
6 82 0.00117647058823529 1 1
7 82 0.00117647058823529 1 1
8 82 0.00117647058823529 1 1
9 82 0.00117647058823529 1 1
10 82 0.00117647058823529 1 1
11 82 0.00117647058823529 1 1
12 82 0.00117647058823529 1 1
13 82 0.00117647058823529 1 1
14 82 0.00117647058823529 1 1
15 82 0.00117647058823529 1 1
16 82 0.00117647058823529 1 1
17 82 0.00117647058823529 1 1
18 82 0.00117647058823529 1 1
19 82 0.00117647058823529 1 1
20 82 0.00117647058823529 1 1
21 82 0.00117647058823529 1 1
22 82 0.00117647058823529 1 1
23 82 0.00117647058823529 1 1
24 82 0.00117647058823529 1 1
25 82 0.00117647058823529 1 1
26 82 0.00117647058823529 1 1
27 82 0.00117647058823529 1 1
28 82 0.00117647058823529 1 1
29 82 0.00117647058823529 1 1
30 82 0.00117647058823529 1 1
31 82 0.00117647058823529 1 1
32 82 0.00117647058823529 1 1
33 82 0.00117647058823529 1 1
34 82 0.00117647058823529 1 1
35 82 0.00117647058823529 1 1
36 82 0.00117647058823529 1 1
37 82 0.00117647058823529 1 1
38 82 0.00117647058823529 1 1
39 82 0.00117647058823529 1 1
40 82 0.00117647058823529 1 1
41 82 0.00117647058823529 1 1
42 82 0.00117647058823529 1 1
43 82 0.00117647058823529 1 1
44 82 0.00117647058823529 1 1
45 82 0.00117647058823529 1 1
46 82 0.00117647058823529 1 1
47 82 0.00117647058823529 1 1
48 82 0.00117647058823529 1 1
49 82 0.00117647058823529 1 1
50 82 0.00117647058823529 1 1
51 82 0.00117647058823529 1 1
52 82 0.00117647058823529 1 1
53 82 0.00117647058823529 1 1
54 82 0.00117647058823529 1 1
55 82 0.00117647058823529 1 1
56 82 0.00117647058823529 1 1
57 82 0.00117647058823529 1 1
58 82 0.00117647058823529 1 1
59 82 0.00117647058823529 1 1
60 82 0.00117647058823529 1 1
61 82 0.00117647058823529 1 1
62 82 0.00117647058823529 1 1
63 82 0.00117647058823529 1 1
64 82 0.00117647058823529 1 1
65 82 0.00117647058823529 1 1
66 82 0.00117647058823529 1 1
67 82 0.00117647058823529 1 1
68 82 0.00117647058823529 1 1
69 82 0.00117647058823529 1 1
70 82 0.00117647058823529 1 1
71 82 0.00117647058823529 1 1
72 82 0.00117647058823529 1 1
73 82 0.00117647058823529 1 1
74 82 0.00117647058823529 1 1
75 82 0.00117647058823529 1 1
76 82 0.00117647058823529 1 1
77 82 0.00117647058823529 1 1
78 82 0.00117647058823529 1 1
79 82 0.00117647058823529 1 1
80 82 0.00117647058823529 1 1
